2745.56	10.88140	3491.12	11.33900	4035.50	10.94350	4458.58	10.65540	5371.30	11.70620	6038.46	12.06780	7341.72	10.93220	7988.17	10.93220	9837.28	11.35590
2816.57	10.70060	3550.30	11.10170	4139.05	10.78530	4541.42	10.47460	5477.81	11.46890	6251.48	11.76270	7445.27	10.76270	8174.56	10.72880	10130.20	11.10170
2931.95	10.38420	3639.05	10.72880	4263.31	10.58760	4671.60	10.06780	5597.63	11.11300	6451.18	11.45760	7559.17	10.52540	8423.08	10.38980	10423.10	10.59320
3029.59	10.06780	3742.60	10.15250	4346.15	10.27120	4742.60	9.75141	5744.08	10.63840	6650.89	11.05080	7662.72	10.25420	8568.05	10.11860	10769.20	9.77966
3109.47	9.70621	3809.17	9.71186	4449.70	9.83616	4825.44	9.34463	5850.59	10.16380	6810.65	10.69490	7807.69	9.88136	8754.44	9.77966	11062.10	8.81356
3215.98	9.16384	3875.74	9.13559	4553.25	9.20339	4920.12	8.80226	5957.10	9.64972	6943.79	10.33900	7911.24	9.47458	8920.12	9.44068	11221.90	8.15254
3295.86	8.44068	3912.72	8.66102	4656.80	8.45198	4991.12	8.30508	6036.98	9.17514	7130.18	9.77966	8045.86	8.89831	9085.80	8.89831	11301.80	7.59322
3357.99	7.80791	3949.70	8.25424	4708.58	7.85876	5050.30	7.71751	6090.24	8.81921	7369.82	8.86441	8097.63	8.62712	9251.48	8.42373	11355.00	7.13559
3393.49	7.22034	3971.89	7.94915	4760.36	7.38418	5133.14	7.08475	6156.80	8.34463	7529.59	7.64407	8170.12	8.22034	9334.32	8.11864	11434.90	6.57627
3420.12	6.67797	4001.48	7.44068	4781.07	6.98870	5192.31	6.40678	6210.06	8.02825	7622.78	6.01695	8252.96	7.67797	9437.87	7.77966	11461.50	6.11864
3091.72	12.28250	3705.62	12.05080	4408.28	11.97180	5002.96	11.92090	5717.46	12.45760	6451.18	12.83050	7890.53	11.74580	8588.76	11.74580	11488.20	13.28810
3180.47	12.05650	3794.38	11.81360	4542.90	11.81360	5144.97	11.69490	5850.59	12.29940	6637.57	12.52540	8045.86	11.50850	8878.70	11.50850	11860.90	13.08470
3295.86	11.69490	3897.93	11.50850	4718.93	11.53670	5322.49	11.24290	5970.41	12.14120	7076.92	11.81360	8201.18	11.27120	9168.64	11.20340	12420.10	12.77970
3428.99	11.28810	3994.08	11.13560	4843.20	11.25990	5452.66	10.83620	6130.18	11.86440	7356.51	11.30510	8356.51	10.93220	9417.16	10.86440	12979.30	12.37290
3553.25	10.79100	4097.63	10.66100	5029.59	10.66670	5606.51	10.33900	6289.94	11.54800	7742.60	10.49150	8542.90	10.38980	9707.10	10.45760	13511.80	11.71190
3668.64	10.29380	4193.79	10.15250	5122.78	10.19210	5724.85	9.79661	6409.76	11.23160	8022.19	9.72881	8656.80	10.05080	9893.49	10.11860	13911.20	11.05080
3766.27	9.61582	4275.15	9.54237	5226.33	9.59887	5843.20	9.11864	6569.53	10.79660	8181.95	9.16949	8760.36	9.64407	10121.30	9.67797	14257.40	10.18640
3837.28	8.89266	4341.72	8.93220	5319.53	8.88701	5914.20	8.66667	6702.66	10.28250	8301.78	8.55932	8874.26	9.16949	10245.60	9.37288	14497.00	9.52542
3890.53	8.25989	4386.09	8.49153	5402.37	8.21469	5985.21	8.12429	6809.17	9.84746	8394.97	7.69492	8936.39	8.86441	10411.20	8.93220	14710.10	8.71186
3926.04	7.67232	4430.47	7.91525	5464.50	7.62147	6068.05	7.49153	6968.93	9.05650	8461.54	6.72881	9019.23	8.38983	10514.80	8.66102	14869.80	7.89831
3233.73	12.82490	3868.34	12.55930	4708.58	12.76270	5393.49	12.87010	6156.80	13.36720	6597.63	13.13560	8460.06	12.59320	9127.22	12.49150	11754.40	13.59320
3340.24	12.64410	3979.29	12.32200	4843.20	12.64410	5523.67	12.68930	6356.51	13.20900	6850.59	12.93220	8625.74	12.42370	9437.87	12.35590	12313.60	13.49150
3464.50	12.37290	4097.63	12.05080	5039.94	12.44630	5701.18	12.37290	6542.90	12.93220	7116.86	12.72880	8812.13	12.22030	9748.52	12.18640	12819.50	13.33900
3606.51	12.10170	4238.17	11.64410	5195.27	12.20900	5902.37	11.92090	6715.98	12.69490	7396.45	12.42370	8957.10	12.05080	10142.00	11.91530	13432.00	13.08470
3810.65	11.51410	4371.30	11.16950	5392.01	11.81360	6079.88	11.46890	6902.37	12.37850	7702.66	11.96610	9133.14	11.77970	10390.50	11.71190	13911.20	12.83050
3934.91	11.06210	4460.06	10.79660	5568.05	11.29940	6269.23	10.92660	7088.76	12.06210	8075.44	11.45760	9298.82	11.47460	10763.30	11.33900	14523.70	12.16950
4041.42	10.51980	4548.82	10.35590	5692.31	10.82490	6434.91	10.29380	7261.83	11.66670	8581.36	10.59320	9443.79	11.16950	11136.10	10.89830	15162.70	11.20340
4156.80	9.70621	4637.57	9.74576	5816.57	10.23160	6600.59	9.52542	7448.22	11.19210	8847.63	9.93220	9723.37	10.42370	11446.70	10.42370	15695.30	9.88136
4236.69	8.84746	4711.54	9.10169	5951.18	9.48023	6718.93	8.84746	7647.93	10.63840	9073.96	8.86441	9909.76	9.88136	11633.10	10.08470	16014.80	8.86441
4298.82	7.98870	4770.71	8.55932	6075.44	8.53107	6837.28	8.07910	7807.69	10.08470	9220.41	7.33898	10034.00	9.37288	11798.80	9.74576	16227.80	8.10169
2591.72	9.38983	3239.64	10.10730	4094.67	9.90395	4094.67	9.90395	5105.03	9.41808	5994.08	9.89831	7091.72	10.27120	8112.43	9.38983	9730.77	10.58760
2636.09	8.95480	3321.01	9.83616	4192.31	9.66667	4192.31	9.66667	5224.85	9.24859	6171.60	9.72881	7298.82	9.79661	8298.82	9.18644	10050.30	10.38980
2673.08	8.71751	3402.37	9.56497	4263.31	9.38983	4263.31	9.38983	5397.93	8.93785	6378.70	9.45763	7402.37	9.48023	8443.79	8.94915	10396.40	10.15250
2702.66	8.28249	3468.93	9.24859	4352.07	8.99435	4352.07	8.99435	5544.38	8.59887	6585.80	9.18644	7568.05	8.92655	8630.18	8.67797	10742.60	9.79661
2754.44	7.64972	3550.30	8.75141	4396.45	8.71751	4396.45	8.71751	5664.20	8.28814	6778.11	8.81356	7671.60	8.41243	8775.15	8.44068	10982.20	9.40113
2776.63	7.17514	3609.47	8.25424	4458.58	8.20339	4458.58	8.20339	5823.96	7.83616	6940.83	8.40678	7775.15	7.89831	8961.54	8.13559	11248.50	8.84746
2806.21	6.58192	3661.24	7.71186	4529.59	7.57062	4529.59	7.57062	5917.16	7.52542	7088.76	7.96610	7857.99	7.42373	9147.93	7.72881	11461.50	8.29379
2821.01	6.18644	3698.22	7.16949	4573.96	7.13559	4573.96	7.13559	6023.67	7.12994	7221.89	7.55932	7899.41	7.14689	9251.48	7.42373	11621.30	7.81921
2835.80	5.79096	3720.41	6.71751	4600.59	6.66102	4600.59	6.66102	6116.86	6.67797	7355.03	7.05085	7940.83	6.79096	9375.74	7.08475	11754.40	7.26554
2843.20	5.47458	3735.21	6.35593	4644.97	6.06780	4644.97	6.06780	6210.06	6.11299	7532.54	6.23729	7961.54	6.51412	9458.58	6.74576	11860.90	6.83051
2887.57	10.45760	3624.26	11.28250	4458.58	10.77400	4458.58	10.77400	5491.12	10.15250	6304.73	10.37290	7940.83	11.49720	8775.15	10.16950	10742.60	11.73450
2954.14	10.25990	3742.60	11.10170	4538.46	10.53670	4538.46	10.53670	5717.46	9.95480	6526.63	10.27120	8106.51	11.29940	8982.25	9.93220	11168.60	11.65540
3042.90	9.90395	3823.96	10.92090	4627.22	10.25990	4627.22	10.25990	5890.53	9.72881	6763.31	10.10170	8292.90	11.06210	9168.64	9.69492	11674.60	11.61580
3094.67	9.50847	3927.51	10.60450	4742.60	9.82486	4742.60	9.82486	6103.55	9.44633	7044.38	9.79661	8562.13	10.70620	9375.74	9.45763	12074.00	11.49720
3153.85	8.99435	4045.86	10.15250	4840.24	9.42938	4840.24	9.42938	6316.57	9.10734	7295.86	9.49153	8789.94	10.27120	9644.97	9.15254	12393.50	11.37850
3198.22	8.40113	4156.80	9.61017	4928.99	8.87571	4928.99	8.87571	6436.39	8.88136	7473.37	9.18644	8955.62	9.87571	9852.07	8.91525	12899.40	11.14120
3235.21	7.76836	4260.36	8.84181	4982.25	8.44068	4982.25	8.44068	6649.41	8.42938	7650.89	8.84746	9162.72	9.36158	10079.90	8.57627	13458.60	10.70620
3257.40	7.25424	4312.13	8.34463	5062.13	7.76836	5062.13	7.76836	6822.49	7.92090	7872.78	8.33898	9286.98	8.92655	10224.90	8.33898	13937.90	10.11300
3272.19	6.85876	4363.91	7.80226	5106.51	7.37288	5106.51	7.37288	6928.99	7.52542	8124.26	7.66102	9431.95	8.37288	10411.20	7.89831	14337.30	9.40113
3294.38	6.38418	4408.28	7.16949	5150.89	6.74011	5150.89	6.74011	7048.82	6.96045	8375.74	6.91525	9597.63	7.50282	10535.50	7.55932	14683.40	8.45198
3264.79	11.80230	3786.98	11.82490	4857.99	11.72320	4857.99	11.72320	5744.08	10.63280	6571.01	10.81360	8313.61	12.01130	9334.32	10.81360	10849.10	11.81360
3338.76	11.64410	3897.93	11.68930	4982.25	11.52540	4982.25	11.52540	6023.67	10.46330	6837.28	10.67800	8541.42	11.85310	9603.55	10.67800	11275.10	11.77400
3427.51	11.40680	4023.67	11.46330	5088.76	11.32770	5088.76	11.32770	6289.94	10.26550	7088.76	10.54240	8748.52	11.65540	9872.78	10.47460	11860.90	11.69490
3508.88	11.16950	4178.99	11.14690	5204.14	11.09040	5204.14	11.09040	6542.90	10.06780	7340.24	10.33900	9038.46	11.29940	10142.00	10.30510	12500.00	11.57630
3612.43	10.69490	4326.92	10.74010	5381.66	10.61580	5381.66	10.61580	6755.92	9.84181	7650.89	10.10170	9349.11	10.82490	10452.70	10.06780	13112.40	11.33900
3715.98	10.18080	4437.87	10.28810	5532.54	10.10170	5532.54	10.10170	7008.88	9.58757	7902.37	9.79661	9659.76	10.35030	10784.00	9.83051	13538.50	11.14120
3797.34	9.62712	4548.82	9.70056	5665.68	9.54802	5665.68	9.54802	7248.52	9.22034	8183.43	9.49153	9846.15	9.95480	11136.10	9.52542	14071.00	10.78530
3908.28	8.79661	4681.95	8.84181	5807.69	8.79661	5807.69	8.79661	7434.91	8.90960	8479.29	9.05085	10053.30	9.36158	11426.00	9.15254	14417.20	10.46890
3967.46	8.20339	4741.12	8.29944	5905.33	8.16384	5905.33	8.16384	7687.87	8.31638	8893.49	8.27119	10177.50	8.88701	11591.70	8.91525	14869.80	9.87571
4034.02	7.45198	4785.50	7.80226	5985.21	7.53107	5985.21	7.53107	7860.95	7.75141	9204.14	7.55932	10384.60	8.13559	11798.80	8.54237	15349.10	8.88701
2606.51	7.79661	3210.06	8.10169	3859.47	6.84746	4624.26	7.42373	4915.70	7.58757	5991.12	8.06780	7742.60	8.16949	7254.44	7.70621	9050.30	8.11299
2643.49	7.62712	3284.02	8.00000	3900.89	6.64407	4718.93	7.22034	5085.76	7.44633	6153.85	7.93220	7875.74	7.96610	7396.45	7.50847	9210.06	8.03390
2695.27	7.45763	3365.38	7.83051	3942.31	6.40678	4789.94	7.01695	5255.81	7.30508	6286.98	7.83051	7964.50	7.76271	7562.13	7.19209	9369.82	7.91525
2747.04	7.18644	3446.75	7.59322	3994.08	6.13559	4872.78	6.71186	5373.55	7.16384	6434.91	7.66102	8097.63	7.45763	7751.48	6.79661	9476.33	7.75706
2791.42	6.88136	3505.92	7.32203	4035.50	5.79661	4991.12	6.27119	5491.28	6.96610	6671.60	7.28814	8201.18	7.11864	7869.82	6.44068	9689.35	7.32203
2843.20	6.44068	3572.49	6.94915	4056.21	5.59322	5073.96	5.89831	5635.17	6.68362	6863.91	6.88136	8319.53	6.71186	8059.17	5.88701	9849.11	6.80791
2872.78	6.10169	3624.26	6.61017	4076.92	5.35593	5133.14	5.62712	5765.99	6.34463	7085.80	6.33898	8408.28	6.33898	8153.85	5.41243	9955.62	6.25424
2902.37	5.69492	3661.24	6.30508	4107.99	5.05085	5180.47	5.32203	5870.64	5.97740	7204.14	5.93220	8526.63	5.79661	8248.52	4.97740	10035.50	5.58192
2924.56	5.32203	3705.62	5.83051	4118.34	4.88136	5227.81	5.01695	5975.29	5.58192	7337.28	5.32203	8585.80	5.55932	8295.86	4.66102	10062.10	5.18644
2954.14	4.77966	3735.21	5.35593	4128.70	4.71186	5275.15	4.67797	6119.19	4.90395	7470.41	4.71186	8644.97	5.18644	8343.20	4.30508	10088.80	4.71186
2983.73	8.91525	3594.67	9.08475	4625.74	8.20339	5215.98	8.37288	5242.73	8.09605	6568.05	8.81356	8644.97	9.15254	8106.51	8.61582	10488.20	9.45763
3065.09	8.74576	3720.41	8.88136	4718.93	8.03390	5334.32	8.20339	5399.71	8.01130	6819.53	8.71186	8852.07	8.88136	8295.86	8.45763	10834.30	9.25989
3146.45	8.54237	3823.96	8.67797	4801.78	7.79661	5464.50	7.96610	5609.01	7.84181	7071.01	8.57627	9044.38	8.54237	8532.54	8.22034	11074.00	9.10169
3235.21	8.27119	3927.51	8.37288	4905.33	7.49153	5582.84	7.72881	5818.31	7.67232	7396.45	8.27119	9251.48	8.13559	8792.90	7.90395	11393.50	8.90395
3316.57	7.89831	4038.46	8.06780	4988.17	7.15254	5689.35	7.45763	6027.62	7.38983	7618.34	8.03390	9414.20	7.79661	9076.92	7.42938	11659.80	8.62712
3397.93	7.42373	4127.22	7.72881	5050.30	6.84746	5784.02	7.22034	6171.51	7.13559	7884.62	7.66102	9621.30	7.32203	9337.28	6.91525	11926.00	8.27119
3464.50	6.94915	4208.58	7.35593	5102.07	6.50847	5914.20	6.77966	6341.57	6.82486	8136.09	7.22034	9798.82	6.84746	9502.96	6.40113	12192.30	7.75706
3508.88	6.50847	4282.54	6.91525	5164.20	6.13559	6020.71	6.37288	6459.30	6.54237	8343.20	6.77966	9917.16	6.44068	9668.64	5.84746	12378.70	7.24294
3553.25	6.06780	4334.32	6.50847	5205.62	5.79661	6103.55	5.93220	6616.28	6.09040	8565.09	6.23729	9991.12	6.13559	9763.31	5.41243	12511.80	6.64972
3597.63	5.55932	4386.09	6.03390	5236.69	5.49153	6186.39	5.45763	6786.34	5.44068	8772.19	5.52542	10050.30	5.79661	9834.32	5.05650	12645.00	5.89831
3257.40	9.72881	3750.00	9.49153	5050.30	8.98305	5653.85	9.08475	5674.42	8.77401	6789.94	9.11864	9073.96	9.62712	9029.59	9.60452	11340.20	10.28810
3368.34	9.59322	3860.95	9.28814	5164.20	8.84746	5831.36	8.84746	5922.97	8.68927	7041.42	9.05085	9295.86	9.45763	9479.29	9.48588	11766.30	10.20900
3486.69	9.38983	3971.89	9.11864	5319.53	8.64407	6032.54	8.57627	6145.35	8.60452	7278.11	8.94915	9473.37	9.28814	9881.66	9.32768	12165.70	10.09040
3597.63	9.18644	4112.43	8.84746	5433.43	8.40678	6233.73	8.27119	6341.57	8.49153	7573.96	8.77966	9665.68	9.08475	10378.70	9.09040	12618.30	9.97175
3745.56	8.74576	4260.36	8.50847	5526.63	8.16949	6423.08	7.93220	6577.03	8.37853	7914.20	8.54237	9946.75	8.77966	10828.40	8.81356	13150.90	9.77401
3856.51	8.33898	4400.89	8.06780	5630.18	7.86441	6565.09	7.62712	6799.42	8.18079	8165.68	8.30508	10198.20	8.44068	11278.10	8.45763	13656.80	9.49718
3945.27	7.93220	4504.44	7.72881	5744.08	7.45763	6695.27	7.28814	7100.29	7.87006	8402.37	8.06780	10553.30	7.89831	11609.50	8.10169	14269.20	8.86441
4019.23	7.45763	4578.40	7.38983	5847.63	7.08475	6825.44	6.88136	7348.84	7.53107	8831.36	7.49153	10834.30	7.28814	11940.80	7.62712	14748.50	8.11299
4100.59	6.88136	4667.16	6.88136	5909.76	6.71186	6920.12	6.50847	7688.95	6.90960	9215.98	6.81356	11011.80	6.77966	12366.90	6.79661	15068.00	7.28249
4159.76	6.40678	4718.93	6.47458	5982.25	6.27119	6979.29	6.10169	7937.50	6.34463	9511.83	6.06780	11100.60	6.40678	12627.20	6.24294	15227.80	6.80791
2654.07	6.42938	3267.44	6.76271	4066.86	7.53107	4620.64	6.10734	4965.12	6.27684	5186.05	7.06780	6709.30	6.86441	7302.33	6.42373	8310.65	6.71751
2719.48	6.31638	3354.65	6.59322	4136.63	7.44633	4712.21	5.93785	5081.40	6.19209	5372.09	6.93220	6811.05	6.72881	7488.37	6.18644	8408.28	6.48023
2792.15	6.11864	3450.58	6.35593	4232.56	7.30508	4813.95	5.71186	5232.56	6.10734	5604.65	6.69492	6953.49	6.49153	7697.67	5.81356	8538.46	6.28249
2864.83	5.86441	3511.63	6.15254	4319.77	7.10734	4905.52	5.42938	5406.98	5.93785	5883.72	6.35593	7075.58	6.18644	7790.70	5.57627	8636.09	6.00565
2922.97	5.61017	3590.12	5.81356	4406.98	6.82486	4966.57	5.23164	5546.51	5.76836	6093.02	5.94915	7156.98	5.84746	7906.98	5.20339	8733.73	5.68927
2966.57	5.38418	3642.44	5.44068	4468.02	6.57062	5058.14	4.94915	5674.42	5.54237	6302.33	5.47458	7238.37	5.47458	8046.51	4.79661	8831.36	5.37288
3010.17	5.10169	3677.33	5.16949	4546.51	6.17514	5119.19	4.69492	5779.07	5.34463	6441.86	5.06780	7319.77	5.06780	8116.28	4.49153	8896.45	5.17514
3046.51	4.87571	3712.21	4.89831	4581.40	5.97740	5159.88	4.49718	5895.35	5.09040	6558.14	4.66102	7360.47	4.76271	8186.05	4.18644	8961.54	4.70056
3082.85	4.59322	3738.37	4.55932	4633.72	5.61017	5220.93	4.18644	6023.26	4.69492	6651.16	4.28814	7401.16	4.49153	8232.56	3.91525	9059.17	4.26554
3104.65	4.36723	3764.53	4.25424	4677.33	5.18644	5281.98	3.84746	6174.42	4.10169	6720.93	4.01695	7441.86	4.18644	8302.33	3.57627	9124.26	3.79096
2944.77	7.10734	3651.16	7.57627	4433.14	8.20904	5220.93	6.89831	5313.95	6.70056	5790.70	7.84746	7889.53	8.08475	9046.51	7.94915	10230.80	8.37853
3031.98	7.02260	3738.37	7.47458	4520.35	8.12429	5322.67	6.75706	5453.49	6.61582	6069.77	7.71186	8093.02	7.91525	9418.60	7.81356	10556.20	8.25989
3148.26	6.88136	3834.30	7.33898	4668.60	7.95480	5444.77	6.58757	5627.91	6.50282	6325.58	7.57627	8255.81	7.71186	9767.44	7.67797	10816.60	8.14124
3257.27	6.74011	3947.67	7.16949	4773.26	7.78531	5566.86	6.36158	5790.70	6.38983	6627.91	7.40678	8438.95	7.47458	10116.30	7.47458	11239.60	7.94350
3329.94	6.54237	4043.60	6.89831	4860.47	7.61582	5699.13	6.13559	5965.12	6.24859	6906.98	7.16949	8642.44	7.20339	10534.90	7.20339	11467.50	7.78531
3402.62	6.31638	4148.26	6.55932	4947.67	7.38983	5872.09	5.74011	6209.30	5.93785	7302.33	6.76271	8805.23	6.89831	10883.70	6.83051	11825.40	7.42938
3475.29	5.94915	4226.74	6.22034	5043.60	7.10734	5953.49	5.48588	6372.09	5.68362	7627.91	6.35593	8968.02	6.52542	11139.50	6.52542	12281.10	6.87571
3518.90	5.63842	4313.95	5.81356	5139.53	6.74011	6045.06	5.14689	6558.14	5.34463	7953.49	5.77966	9110.47	6.11864	11511.60	5.88136	12508.90	6.44068
3555.23	5.38418	4392.44	5.27119	5226.74	6.34463	6126.45	4.83616	6720.93	4.92090	8186.05	5.30508	9232.56	5.71186	11697.70	5.44068	12736.70	5.92655
3591.57	5.01695	4444.77	4.79661	5305.23	5.89266	6187.50	4.49718	6860.47	4.49718	8418.60	4.69492	9354.65	5.27119	11907.00	4.89831	12964.50	5.17514
3293.60	7.95480	3825.58	7.94915	4668.60	8.63277	5648.26	7.46328	5732.56	7.23729	5976.74	8.11864	8520.35	8.72881	9465.12	8.32203	11076.90	9.12994
3417.15	7.87006	3930.23	7.84746	4799.42	8.51977	5760.17	7.35028	5953.49	7.18079	6279.07	8.01695	8764.53	8.59322	9930.23	8.22034	11597.60	9.05085
3547.97	7.78531	4052.33	7.71186	4991.28	8.35028	5943.31	7.18079	6186.05	7.12429	6697.67	7.84746	8988.37	8.42373	10255.80	8.15254	12183.40	8.93220
3678.78	7.64407	4183.14	7.54237	5113.37	8.18079	6177.33	6.89831	6500.00	7.01130	7116.28	7.61017	9293.60	8.18644	10558.10	8.05085	12801.80	8.77401
3795.06	7.44633	4313.95	7.30508	5244.19	7.95480	6340.12	6.64407	6744.19	6.84181	7441.86	7.37288	9619.19	7.84746	11093.00	7.81356	13387.60	8.57627
3911.34	7.19209	4427.33	7.03390	5340.12	7.78531	6472.38	6.44633	7000.00	6.67232	7790.70	7.06780	9883.72	7.47458	11581.40	7.50847	13843.20	8.33898
3984.01	6.88136	4531.98	6.69492	5462.21	7.50282	6594.48	6.22034	7279.07	6.38983	8186.05	6.69492	10107.60	7.10169	11953.50	7.20339	14624.30	7.74576
4034.88	6.62712	4610.47	6.38983	5558.14	7.24859	6726.74	5.93785	7488.37	6.10734	8558.14	6.32203	10290.70	6.72881	12325.60	6.83051	14949.70	7.42938
4071.22	6.31638	4732.56	5.88136	5671.51	6.88136	6859.01	5.57062	7732.56	5.76836	8930.23	5.77966	10412.80	6.35593	12744.20	6.28814	15307.70	6.87571
4129.36	5.80791	4828.49	5.20339	5793.60	6.45763	6991.28	5.11864	7976.74	5.31638	9302.33	5.13559	10575.60	5.74576	13186.00	5.54237	15600.60	6.24294
