2741.18	289.32	3477.94	338.79	4029.41	390.51	4464.71	435.37	5376.47	539.32	6045.59	587.12	7329.41	662.37	8053.89	742.15	9832.34	931.07
2820.59	291.19	3522.06	340.40	4132.35	394.75	4547.06	438.08	5482.35	542.37	6151.47	592.20	7401.47	666.10	8158.68	745.31	10021.00	936.95
2900.00	294.29	3573.53	342.01	4245.59	399.83	4617.65	440.79	5588.24	544.41	6310.29	597.29	7607.35	676.05	8284.43	751.64	10182.60	942.83
2988.24	298.02	3639.71	344.69	4348.53	401.53	4688.24	442.60	5813.24	546.44	6522.06	605.42	7720.59	681.02	8410.18	756.38	10344.30	945.76
3067.65	302.37	3698.53	346.30	4420.59	402.37	4770.59	443.50	5972.06	545.42	6760.29	612.54	7813.24	684.75	8598.80	761.13	10586.80	948.70
3129.41	305.48	3816.18	347.91	4533.82	400.68	4864.71	444.41	6051.47	543.39	6998.53	616.61	7936.76	684.75	8850.30	767.46	10883.20	945.76
3173.53	307.35	3867.65	347.37	4585.29	398.14	4994.12	442.60	6091.18	541.36	7117.65	617.63	8080.88	683.50	9080.84	769.04	10991.00	939.89
3288.24	310.45	3904.41	345.76	4667.65	393.90	5052.94	441.70	6130.88	539.32	7223.53	618.64	8152.94	678.53	9248.50	767.46	11125.70	934.01
3376.47	307.97	3948.53	343.08	4739.71	387.12	5088.24	440.79	6170.59	537.29	7422.06	614.58	8194.12	674.80	9332.34	765.88	11287.40	916.38
3402.94	305.48	3985.29	340.40	4791.18	378.64	5170.59	438.08	6197.06	535.25	7594.12	601.36	8245.59	669.83	9416.17	762.71	11449.10	884.07
3094.12	323.50	3705.88	363.48	4410.29	427.80	5017.65	488.70	5707.35	571.86	6455.88	643.05	7885.29	715.82	8577.84	797.51	11503.00	1122.03
3208.82	328.48	3786.76	366.70	4513.24	434.58	5088.24	491.41	5800.00	576.95	6654.41	644.07	7988.24	722.03	8745.51	805.42	11934.10	1139.66
3314.71	333.45	3889.71	370.99	4657.35	441.36	5205.88	496.84	5972.06	586.10	6879.41	650.17	8101.47	729.49	8913.17	814.92	12311.40	1157.29
3394.12	337.18	3970.59	373.67	4780.88	446.44	5323.53	500.45	6144.12	594.24	7157.35	659.32	8266.18	736.95	9206.59	829.15	12769.50	1174.92
3491.18	341.53	4066.18	376.89	4935.29	450.68	5382.35	502.26	6355.88	603.39	7408.82	665.42	8441.18	744.41	9520.96	841.81	13200.60	1189.60
3570.59	345.88	4154.41	379.04	5100.00	452.37	5488.24	505.88	6527.94	607.46	7647.06	669.49	8575.00	748.14	9793.41	851.30	13577.80	1198.42
3658.82	348.98	4227.94	379.58	5295.59	447.29	5570.59	507.68	6713.24	610.51	7832.35	674.58	8780.88	750.62	9982.04	854.46	13982.00	1204.29
3773.53	351.47	4345.59	378.50	5347.06	443.90	5794.12	509.49	6832.35	609.49	8083.82	676.61	8925.00	748.14	10317.40	859.21	14359.30	1198.42
3852.94	350.23	4389.71	377.43	5398.53	438.81	5982.35	508.59	6925.00	608.48	8255.88	674.58	8997.06	744.41	10443.10	857.63	14601.80	1189.60
3914.71	348.36	4419.12	376.89	5450.00	432.88	6052.94	506.78	6977.94	607.46	8441.18	669.49	9017.65	740.68	10506.00	856.05	14844.30	1171.98
3235.29	337.18	3867.65	382.26	4708.82	461.70	5382.35	527.57	6144.12	623.73	6561.76	653.22	8451.47	785.42	9122.75	865.54	11745.50	1163.16
3367.65	344.01	3926.47	385.48	4801.47	466.78	5464.71	532.09	6369.12	634.92	6813.24	667.46	8605.88	794.12	9479.04	884.52	12230.50	1192.54
3473.53	349.61	3963.24	387.63	5027.94	479.49	5547.06	535.71	6607.35	648.14	7077.94	681.70	8842.65	807.80	9877.25	906.67	12715.60	1216.05
3570.59	355.20	4036.76	390.85	5182.35	486.27	5770.59	545.65	6779.41	656.27	7329.41	691.86	9038.24	817.74	10338.30	930.40	13146.70	1242.49
3702.94	363.28	4088.24	394.61	5398.53	493.90	5970.59	552.88	6911.76	662.37	7633.82	704.07	9202.94	826.44	10547.90	943.05	13685.60	1268.93
3782.35	367.01	4286.76	403.19	5511.76	498.14	6123.53	558.31	7070.59	669.49	7911.76	714.24	9388.24	833.90	10841.30	955.71	14197.60	1292.43
3897.06	372.60	4433.82	408.56	5686.76	501.53	6347.06	564.63	7216.18	674.58	8494.12	734.58	9625.00	841.36	11071.90	965.20	14763.50	1310.06
3994.12	376.33	4507.35	410.17	5769.12	502.37	6535.29	569.15	7467.65	682.71	8785.29	740.68	9820.59	843.84	11260.50	971.53	15410.20	1318.87
4179.41	378.81	4654.41	411.24	5975.00	497.29	6641.18	570.96	7639.71	686.78	9036.76	741.70	9944.12	842.60	11512.00	979.44	15976.00	1307.12
4302.94	378.81	4772.06	410.71	6077.94	491.36	6817.65	571.86	7825.00	688.81	9208.82	740.68	10016.20	841.36	11805.40	985.76	16218.60	1295.37
2595.59	263.05	3227.94	311.81	4117.65	379.55	4464.71	404.58	5098.53	468.48	6014.71	534.69	7079.41	630.85	8120.59	717.63	9751.50	882.26
2639.71	264.41	3279.41	314.29	4197.06	381.13	4523.53	406.27	5204.41	471.86	6161.76	541.47	7202.94	633.79	8305.88	722.03	9913.17	889.72
2683.82	265.09	3330.88	316.78	4311.76	381.92	4582.35	408.81	5310.29	475.25	6294.12	548.25	7285.29	636.72	8388.24	724.97	10074.90	897.18
2727.94	264.41	3382.35	318.64	4408.82	381.13	4688.24	411.36	5389.71	477.80	6455.88	555.03	7347.06	639.66	8573.53	729.38	10236.50	902.15
2757.35	262.37	3463.24	320.51	4470.59	377.97	4805.88	412.20	5469.12	479.49	6602.94	560.68	7511.76	641.13	8758.82	733.79	10398.20	907.12
2786.76	260.34	3536.76	321.13	4505.88	375.59	4935.29	411.36	5667.65	482.03	6794.12	565.20	7717.65	638.19	8923.53	738.19	10775.40	919.55
2801.47	258.31	3617.65	319.27	4558.82	369.27	5017.65	408.81	5839.71	482.88	7058.82	567.46	7779.41	635.25	9108.82	741.13	11018.00	924.52
2816.18	256.95	3676.47	316.16	4594.12	364.52	5088.24	407.12	5998.53	482.03	7323.53	565.20	7841.18	632.32	9273.53	739.66	11314.40	927.01
2830.88	255.59	3705.88	313.05	4611.76	360.57	5135.29	404.58	6117.65	477.80	7455.88	562.94	7882.35	626.44	9355.88	736.72	11637.70	922.03
2838.24	254.24	3727.94	309.32	4638.24	356.61	5170.59	401.19	6197.06	474.41	7529.41	560.68	7944.12	619.10	9458.82	730.85	11826.30	909.61
2897.06	290.85	3617.65	350.34	4452.94	413.56	5017.65	454.58	5495.59	510.00	6294.12	566.33	7944.12	716.05	8738.24	779.32	10748.50	1001.58
2941.18	292.88	3705.88	354.69	4532.35	415.14	5088.24	457.12	5588.24	514.24	6588.24	583.28	8088.24	723.39	8861.76	783.73	11395.20	1041.36
2977.94	294.92	3786.76	358.42	4629.41	416.72	5205.88	462.20	5747.06	521.02	6808.82	594.58	8252.94	732.20	9047.06	789.61	12149.70	1088.59
3022.06	296.27	3919.12	363.39	4761.76	417.51	5323.53	465.59	5945.59	527.80	7044.12	604.75	8500.00	745.42	9273.53	796.95	12607.80	1113.45
3117.65	298.31	4022.06	365.88	4885.29	416.72	5441.18	468.98	6130.88	532.88	7250.00	612.66	8664.71	751.30	9520.59	807.23	12823.40	1125.88
3183.82	296.95	4095.59	367.12	4955.88	414.35	5629.41	471.53	6289.71	536.27	7529.41	622.83	8850.00	757.18	9747.06	816.05	13119.80	1140.79
3213.24	295.59	4176.47	368.36	5017.65	411.19	5723.53	472.37	6461.76	538.81	7720.59	627.35	9035.29	763.05	10014.70	824.86	13443.10	1153.22
3227.94	294.24	4286.76	367.12	5070.59	408.02	5911.76	470.68	6739.71	541.36	7867.65	630.73	9323.53	765.99	10179.40	826.33	13766.50	1165.65
3257.35	291.53	4375.00	364.01	5114.71	403.28	6005.88	468.14	6951.47	540.51	8132.35	634.12	9467.65	764.52	10385.30	823.39	14278.40	1173.11
3286.76	288.14	4404.41	361.53	5141.18	399.32	6052.94	464.75	7044.12	537.97	8382.35	637.51	9570.59	761.58	10529.40	817.51	14709.60	1168.14
3264.71	332.88	3779.41	371.47	4858.82	457.06	5382.35	491.86	5747.06	541.36	6558.82	599.10	8314.71	764.52	9335.29	845.42	10829.30	1011.53
3330.88	336.95	3882.35	377.06	4964.71	461.81	5535.29	498.64	6051.47	555.76	6838.24	614.92	8479.41	773.33	9582.35	855.71	11071.90	1026.44
3419.12	341.70	4007.35	383.28	5079.41	465.76	5676.47	503.73	6342.65	566.78	7102.94	630.73	8705.88	785.09	9911.76	870.40	11718.60	1068.70
3500.00	345.09	4117.65	388.25	5167.65	468.14	5900.00	511.36	6660.29	578.64	7382.35	644.29	8952.94	798.31	10097.10	879.21	12446.10	1110.96
3566.18	347.80	4227.94	393.22	5361.76	473.67	6100.00	517.29	6858.82	585.42	7647.06	655.59	9241.18	811.53	10364.70	890.96	12958.10	1140.79
3669.12	351.19	4338.24	396.95	5502.94	476.05	6311.76	522.37	7083.82	592.20	7941.18	668.02	9508.82	821.81	10632.40	904.18	13631.70	1175.59
3772.06	353.22	4448.53	399.44	5617.65	476.84	6452.94	524.92	7269.12	597.29	8191.18	677.06	9735.29	830.62	10858.80	915.93	14386.20	1212.88
3830.88	353.90	4566.18	401.30	5767.65	475.25	6629.41	526.61	7441.18	600.68	8573.53	689.49	9920.59	833.56	11105.90	927.68	14628.70	1225.31
3911.76	354.58	4713.24	400.06	5908.82	471.30	6758.82	524.92	7666.18	604.07	8955.88	697.40	10126.50	835.03	11332.40	933.56	14952.10	1230.28
4029.41	354.58	4786.76	396.33	5988.24	468.14	6829.41	523.22	7851.47	604.07	9205.88	704.18	10373.50	835.03	11785.30	939.44	15356.30	1227.80
2595.59	241.02	3198.53	281.86	3854.41	309.83	4629.41	382.03	4900.00	412.20	5985.29	487.91	7735.29	616.61	7247.06	601.81	9047.90	764.07
2632.35	242.37	3242.65	284.12	3916.18	308.93	4676.47	383.73	5072.06	419.32	6073.53	492.43	7808.82	619.32	7388.24	606.78	9236.53	766.78
2676.47	244.41	3301.47	286.95	3998.53	308.02	4758.82	385.42	5217.65	426.44	6191.18	498.08	7926.47	623.39	7694.12	609.27	9452.10	772.20
2764.71	245.09	3367.65	289.21	4029.41	305.31	4817.65	386.27	5416.18	432.54	6367.65	504.86	8132.35	626.10	7929.41	604.29	9613.77	777.63
2816.18	244.41	3433.82	291.47	4050.00	303.50	4982.35	387.12	5575.00	437.63	6500.00	509.38	8264.71	624.75	8023.53	599.32	9802.40	766.78
2860.29	242.37	3529.41	292.60	4070.59	300.79	5088.24	386.27	5720.59	439.66	6676.47	513.90	8397.06	622.03	8117.65	591.86	9910.18	755.93
2889.71	240.34	3617.65	291.47	4091.18	298.98	5158.82	384.58	5839.71	440.68	6867.65	516.16	8485.29	617.97	8188.24	581.92	9964.07	745.09
2904.41	238.31	3691.18	288.64	4101.47	297.18	5205.88	382.88	5932.35	439.66	7000.00	517.29	8544.12	613.90	8258.82	569.49	10018.00	736.95
2919.12	236.27	3713.24	286.95	4122.06	294.46	5241.18	381.19	6011.76	437.63	7250.00	513.90	8588.24	611.19	8305.88	559.55	10071.90	723.39
2948.53	232.88	3727.94	285.25	4132.35	292.66	5264.71	379.49	6104.41	432.54	7455.88	505.99	8617.65	605.76	8352.94	544.63	10098.80	709.83
2977.94	277.63	3588.24	320.28	4616.18	371.30	5217.65	431.19	5244.12	448.81	6558.82	542.15	8661.76	696.61	8094.12	673.90	10422.20	894.24
3029.41	279.66	3654.41	323.11	4677.94	373.11	5276.47	432.88	5363.24	451.86	6705.88	550.06	8852.94	704.75	8282.35	683.84	10691.60	902.37
3080.88	281.70	3727.94	326.50	4760.29	375.82	5335.29	434.58	5522.06	456.95	6941.18	561.36	8985.29	710.17	8494.12	691.30	11015.00	910.51
3183.82	284.41	3838.24	331.58	4914.71	378.53	5394.12	437.12	5694.12	461.02	7147.06	570.40	9132.35	715.59	8752.94	698.76	11284.40	921.36
3250.00	285.76	3941.18	334.41	5017.65	376.72	5629.41	443.90	5892.65	467.12	7323.53	577.18	9294.12	719.66	8988.24	703.73	11553.90	929.49
3308.82	287.12	4044.12	336.67	5079.41	374.92	5888.24	446.44	6077.94	471.19	7632.35	588.48	9397.06	722.37	9176.47	706.22	11958.10	934.92
3419.12	288.48	4169.12	337.80	5130.88	373.11	6052.94	444.75	6289.71	476.27	7867.65	595.25	9705.88	725.09	9435.29	701.24	12146.70	929.49
3492.65	287.80	4264.71	337.23	5172.06	371.30	6111.76	443.05	6382.35	478.31	8191.18	600.90	9867.65	723.73	9647.06	683.84	12335.30	924.07
3551.47	287.12	4330.88	336.10	5192.65	370.40	6147.06	441.36	6620.59	480.34	8485.29	603.16	9970.59	721.02	9741.18	671.41	12524.00	913.22
3595.59	286.44	4375.00	333.84	5223.53	367.68	6182.35	440.51	6792.65	478.31	8764.71	600.90	10044.10	718.31	9811.76	656.50	12631.70	899.66
3250.00	306.10	3742.65	338.36	5048.53	413.79	5641.18	468.48	5680.88	490.51	6779.41	574.92	9073.53	735.93	9011.76	768.36	11338.30	994.58
3308.82	308.81	3852.94	342.88	5141.18	417.40	5794.12	474.41	5839.71	497.63	7058.82	587.35	9279.41	745.42	9317.65	783.28	11688.60	1008.14
3411.76	313.56	3955.88	346.84	5295.59	422.83	5982.35	481.19	6210.29	512.88	7308.82	598.64	9455.88	754.92	9694.12	805.65	12200.60	1029.83
3522.06	317.63	4080.88	351.36	5367.65	425.54	6111.76	486.27	6501.47	525.09	7632.35	613.33	9661.76	765.76	10117.60	825.54	12739.50	1054.24
3617.65	321.70	4198.53	354.75	5480.88	428.25	6276.47	491.36	6845.59	538.31	8029.41	630.28	9794.12	772.54	10823.50	857.85	13170.70	1073.22
3727.94	325.09	4286.76	357.01	5635.29	430.06	6417.65	495.59	7189.71	550.51	8323.53	639.32	10117.60	786.10	11600.00	882.71	13709.60	1092.20
3823.53	327.80	4360.29	359.27	5748.53	430.96	6547.06	499.83	7427.94	557.63	8705.88	649.49	10338.20	792.88	12000.00	887.68	14086.80	1100.34
3889.71	329.15	4463.24	360.96	5851.47	430.06	6723.53	501.53	7600.00	560.68	9000.00	656.27	10529.40	798.31	12282.40	882.71	14679.60	1111.19
3985.29	330.51	4551.47	361.53	5902.94	428.25	6852.94	502.37	7772.06	564.75	9308.82	661.92	10779.40	803.73	12517.60	870.28	15003.00	1108.47
4147.06	330.51	4698.53	362.66	5995.59	425.54	6994.12	500.68	7930.88	565.76	9514.71	664.18	11102.90	805.09	12611.80	862.83	15218.60	1100.34
2654.41	235.82	3258.82	271.07	4064.71	338.31	4627.94	346.89	4958.82	379.89	5188.24	401.70	6708.82	506.44	7294.12	581.92	8305.39	621.70
2713.24	236.95	3311.76	272.94	4117.65	340.34	4689.71	347.68	5064.71	385.31	5400.00	409.83	6791.18	509.38	7411.76	586.89	8371.26	625.09
2742.65	238.08	3391.18	275.42	4152.94	341.70	4772.06	349.27	5252.94	392.54	5588.24	417.97	6914.71	512.32	7576.47	584.41	8601.80	625.09
2772.06	239.21	3470.59	277.29	4214.71	343.73	4905.88	350.06	5417.65	397.97	5752.94	424.75	7079.41	512.32	7717.65	579.44	8799.40	621.70
2816.18	239.77	3567.65	278.53	4320.59	345.76	5029.41	349.27	5547.06	400.68	5917.65	428.81	7202.94	510.85	7858.82	571.98	8898.20	614.92
2852.94	240.34	3629.41	276.67	4391.18	346.44	5111.76	347.68	5664.71	403.39	6082.35	432.88	7285.29	507.91	7952.94	564.52	8964.07	608.14
2904.41	240.90	3682.35	272.94	4497.06	345.09	5152.94	346.10	5817.65	404.29	6341.18	435.59	7326.47	503.50	8047.06	557.06	8997.01	601.36
2977.94	240.90	3717.65	269.21	4558.82	342.37	5183.82	344.52	5947.06	403.39	6552.94	431.53	7367.65	500.57	8094.12	549.61	9029.94	594.58
3044.12	240.90	3744.12	265.48	4629.41	338.31	5214.71	342.94	6088.24	397.97	6670.59	426.10	7408.82	497.63	8188.24	539.66	9062.87	591.19
3095.59	240.90	3761.76	261.13	4673.53	334.92	5266.18	337.40	6170.59	390.73	6717.65	422.03	7450.00	491.75	8282.35	522.26	9095.81	581.02
2941.18	255.59	3647.06	301.53	4426.47	374.24	5214.71	391.98	5300.00	414.24	5800.00	461.36	7882.35	603.39	9058.82	731.07	10215.60	797.97
2992.65	257.85	3726.47	304.63	4523.53	378.98	5307.35	394.35	5476.47	418.76	6035.29	472.20	8026.47	609.27	9270.59	738.53	10446.10	811.53
3036.76	259.55	3823.53	308.36	4594.12	382.37	5410.29	397.51	5664.71	423.28	6364.71	487.12	8150.00	615.14	9576.47	748.48	10775.40	828.48
3095.59	262.37	3920.59	310.85	4735.29	387.80	5554.41	400.68	5852.94	427.80	6600.00	497.97	8314.71	619.55	10235.30	768.36	11104.80	842.03
3183.82	265.76	4008.82	312.71	4920.59	390.51	5698.53	403.05	6041.18	432.32	6929.41	510.17	8479.41	625.42	10658.80	775.82	11434.10	855.59
3264.71	268.59	4114.71	313.96	5008.82	391.19	5801.47	404.63	6241.18	435.93	7305.88	525.09	8747.06	631.30	11105.90	780.79	11697.60	865.76
3345.59	270.85	4238.24	312.09	5158.82	389.83	5966.18	402.26	6358.82	437.74	7541.18	533.22	9035.29	634.24	11458.80	778.31	11862.30	872.54
3419.12	272.54	4344.12	308.98	5220.59	388.48	6048.53	400.68	6535.29	438.64	7988.24	542.71	9179.41	634.24	11670.60	775.82	12257.50	879.32
3492.65	273.11	4397.06	304.63	5273.53	387.80	6110.29	397.51	6758.82	435.93	8200.00	544.07	9261.76	631.30	11788.20	770.85	12685.60	875.93
3580.88	271.98	4450.00	298.42	5300.00	387.12	6182.35	391.98	6864.71	433.22	8388.24	541.36	9323.53	629.83	11882.40	765.88	12982.00	858.98
3286.76	291.19	3823.53	322.03	4664.71	395.93	5657.35	426.78	5735.29	454.01	5988.24	481.70	8541.18	660.68	9435.29	778.31	11006.00	909.83
3411.76	296.84	3938.24	327.01	4823.53	404.07	5770.59	430.73	6123.53	468.48	6294.12	496.61	8685.29	668.02	9929.41	798.19	11302.40	923.39
3529.41	303.05	4061.76	332.60	4938.24	408.81	5976.47	437.85	6394.12	478.42	6552.94	508.81	8808.82	673.90	10517.60	820.57	12125.70	967.46
3632.35	307.01	4167.65	336.33	5070.59	413.56	6182.35	444.18	6676.47	487.46	6929.41	525.09	9344.12	697.40	10988.20	835.48	12718.60	994.58
3742.65	310.96	4291.18	339.44	5185.29	416.95	6336.76	448.14	6911.76	494.69	7211.76	537.29	9776.47	712.09	11435.30	850.40	13377.20	1021.69
3845.59	313.79	4467.65	341.92	5308.82	420.34	6501.47	451.30	7052.94	499.21	7611.76	556.27	9982.35	719.44	11811.80	860.34	13871.30	1042.03
3919.12	314.92	4591.18	340.68	5405.88	422.37	6614.71	452.88	7241.18	504.63	8223.53	577.97	10126.50	720.90	12094.10	865.31	14332.30	1055.59
3977.94	316.05	4714.71	337.57	5485.29	423.73	6769.12	452.88	7523.53	510.96	8670.59	591.53	10270.60	723.84	12423.50	870.28	14727.50	1065.76
4058.82	314.35	4785.29	332.60	5635.29	426.44	6913.24	450.51	7817.65	513.67	9047.06	596.95	10414.70	720.90	12776.50	872.77	15221.60	1069.15
4125.00	312.09	4829.41	327.63	5794.12	427.80	6995.59	447.35	8029.41	511.86	9305.88	598.31	10579.40	716.50	13200.00	870.28	15682.60	1062.37