1	0.93	0.87	0.73	0.48
3	0.88	0.82	0.83	0.48
5	0.89	0.86	0.85	0.49
7	0.92	0.89	0.88	0.51
10	0.99	0.90	0.93	0.52
12	1.03	0.94	0.96	0.53
15	1.13	1.03	1.02	0.58
17	1.17	1.07	1.06	0.58
20	1.29	1.18	1.16	0.66
22	1.40	1.29	1.24	0.70
25	1.72	1.47	1.40	0.87
27	1.87	1.72	1.62	1.03
28	2.04	1.85	1.76	1.15
29	2.22	2.02	1.91	1.22
30	2.26	2.06	2.10	1.35
31	2.39	2.33	2.47	1.55
32	2.50	2.51	2.74	1.63
33	3.01	2.91	3.11	2.10
34	3.63	3.56	3.45	2.39
35	4.15	4.11	4.37	2.96
1	1.14	1.07	0.90	0.48
3	1.08	1.01	1.02	0.48
5	1.09	1.06	1.05	0.49
7	1.13	1.09	1.08	0.51
10	1.22	1.11	1.14	0.52
12	1.27	1.16	0.17	0.53
15	1.39	1.26	1.25	0.58
17	1.44	1.32	1.30	0.58
20	1.60	1.47	1.44	0.66
22	1.76	1.62	1.56	0.70
25	2.17	1.85	1.77	0.87
27	2.37	2.18	2.00	1.03
28	2.59	2.35	2.24	1.15
29	2.83	2.58	2.44	1.22
30	2.91	2.64	2.70	1.35
31	3.11	3.03	3.22	1.55
32	3.25	3.27	3.58	1.63
33	3.99	3.86	4.12	2.10
34	4.76	4.66	4.52	2.39
35	5.47	5.42	5.76	2.96
1	1.35	1.26	1.06	0.48
3	1.27	1.19	1.21	0.48
5	1.29	1.25	1.24	0.49
7	1.34	1.29	1.28	0.51
10	1.44	1.32	1.35	0.52
12	1.50	1.37	1.39	0.53
15	1.64	1.49	1.48	0.58
17	1.71	1.57	1.55	0.58
20	1.91	1.76	1.72	0.66
22	2.11	1.94	1.87	0.70
25	2.62	2.24	2.13	0.87
27	2.87	2.64	2.50	1.03
28	3.14	2.86	2.71	1.15
29	3.45	3.14	2.97	1.22
30	3.55	3.23	3.30	1.35
31	3.84	3.74	3.97	1.55
32	3.99	4.02	4.41	1.63
33	4.97	4.82	5.13	2.10
34	5.89	5.76	5.59	2.39
35	6.80	6.73	7.16	2.96
1	1.26	1.18	0.99	0.53
3	1.21	1.14	1.15	0.55
5	1.25	1.22	1.20	0.57
7	1.33	1.28	1.26	0.60
10	1.44	1.31	1.34	0.62
12	1.52	1.38	1.40	0.63
15	1.66	1.51	1.50	0.69
17	1.71	1.58	1.55	0.68
20	1.87	1.71	1.69	0.76
22	2.03	1.87	1.80	0.79
25	2.45	2.10	2.00	0.96
27	2.64	2.43	2.30	1.12
28	2.86	2.60	2.47	1.23
29	3.22	2.93	2.77	1.32
30	3.27	2.97	3.40	1.45
31	3.46	3.37	3.58	1.64
32	3.73	3.75	4.12	1.77
33	4.83	4.68	4.98	2.35
34	5.79	5.67	5.49	2.69
35	6.27	6.20	6.60	3.12
1	1.84	1.72	1.61	0.53
3	1.83	1.71	1.94	0.55
5	1.82	1.77	1.96	0.57
7	1.90	1.83	2.02	0.60
10	2.02	1.84	2.10	0.62
12	2.10	1.91	2.16	0.63
15	2.27	2.06	2.28	0.69
17	2.33	2.14	2.34	0.68
20	2.52	2.32	2.53	0.76
22	2.73	2.51	2.69	0.79
25	3.32	2.84	3.01	0.96
27	3.52	3.24	3.40	1.12
28	3.80	3.46	3.65	1.23
29	4.14	3.77	3.95	1.32
30	4.20	3.82	4.33	1.45
31	4.52	4.40	5.19	1.64
32	4.68	4.71	5.71	1.77
33	5.70	5.52	6.49	2.35
34	6.59	6.45	6.88	2.69
35	7.08	7.00	8.19	3.12
1	2.42	2.25	1.90	0.53
3	2.45	2.29	2.32	0.55
5	2.39	2.33	2.31	0.57
7	2.48	2.39	2.36	0.60
10	2.60	2.37	2.43	0.62
12	2.69	2.45	2.49	0.63
15	2.88	2.62	2.60	0.69
17	2.95	2.71	2.67	0.68
20	3.18	2.92	2.87	0.76
22	3.43	3.16	3.05	0.79
25	4.20	3.58	3.42	0.96
27	4.41	4.05	3.83	1.12
28	4.74	4.32	4.10	1.23
29	5.06	4.61	4.36	1.32
30	5.14	4.67	4.78	1.45
31	5.58	5.44	5.78	1.64
32	5.63	5.67	6.21	1.77
33	6.58	6.37	6.79	2.35
34	7.40	7.24	7.02	2.69
35	7.89	7.81	8.31	3.12
1	2.28	2.24	1.18	0.62
3	2.31	2.28	1.23	0.64
5	2.66	2.32	1.24	0.66
7	2.71	2.38	1.26	0.69
10	2.72	2.47	1.40	0.72
12	2.73	2.53	1.51	0.75
15	2.74	2.68	1.63	0.80
17	2.76	2.73	2.06	0.84
20	2.97	2.94	2.36	0.92
22	3.21	3.17	2.89	1.01
25	3.62	3.59	3.10	1.21
27	4.05	4.03	3.12	1.39
28	4.27	4.36	3.37	1.50
29	4.46	4.69	3.87	1.68
30	4.84	4.81	4.58	1.71
31	5.37	5.33	5.26	1.99
32	5.54	5.52	5.75	2.00
33	6.18	6.16	6.39	2.43
34	6.93	6.90	7.28	2.81
35	7.57	7.88	7.95	3.43
1	2.98	2.94	1.55	0.62
3	3.03	2.98	1.61	0.64
5	3.50	3.05	1.63	0.66
7	3.53	3.13	1.65	0.69
10	3.54	3.24	1.83	0.72
12	3.55	3.31	1.97	0.75
15	3.56	3.50	2.13	0.80
17	3.59	3.55	2.68	0.84
20	3.86	3.82	3.06	0.92
22	4.15	4.11	3.75	1.01
25	4.69	4.65	4.01	1.21
27	5.25	5.21	4.04	1.39
28	5.53	5.64	4.37	1.50
29	5.75	6.06	5.00	1.68
30	6.25	6.21	5.91	1.71
31	6.91	6.87	6.78	1.99
32	7.14	7.10	7.41	2.00
33	7.94	7.91	8.21	2.43
34	8.90	8.86	9.35	2.81
35	9.70	10.09	10.19	3.43
1	4.16	4.09	1.71	0.87
3	4.22	4.16	1.79	0.89
5	4.87	4.25	1.81	0.92
7	4.92	4.36	1.83	0.96
10	4.93	4.50	2.03	1.00
12	4.94	4.59	2.18	1.04
15	4.95	4.84	2.36	1.11
17	4.96	4.87	2.97	1.15
20	5.28	5.22	3.39	1.25
22	5.64	5.58	4.15	1.37
25	6.38	6.33	4.44	1.64
27	7.19	7.14	4.47	1.91
28	7.57	7.72	4.83	2.06
29	7.85	8.27	5.53	2.29
30	8.47	8.41	6.55	2.32
31	9.34	9.29	7.51	2.70
32	9.62	9.58	8.21	2.71
33	10.71	10.67	9.09	3.28
34	11.98	11.93	10.36	3.78
35	13.09	13.62	11.28	4.63

